0,
87,
98,
100,
92,
118,
87,
95,
102,
104,
111,
117,
109,
110,
89,
96,
105,
103,
94,
86,
123,
98,
100,
106,
92,
94,
98,
89,
107,
93,
90,
118,
107,
103,
94,
96,
104,
88,
99,
97,
79,
95,
94,
93,
108,
94,
109,
81,
91,
103,
99,
111,
83,
112,
91,
103,
106,
114,
114,
103,
109,
95,
106,
89,
92,
96,
105,
101,
102,
99,
83,
117,
84,
92,
97,
112,
92,
110,
105,
112,
84,
106,
90,
96,
98,
86,
104,
102,
101,
85,
115,
102,
94,
114,
111,
98,
98,
114,
105,
105,
104,
91,
98,
117,
108,
110,
80,
94,
108,
114,
103,
111,
96,
116,
101,
101,
95,
104,
113,
105,
80,
101,
98,
106,
102,
93,
104,
103,
113,
75,
113,
96,
91,
85,
116,
98,
95,
113,
111,
103,
99,
106,
107,
88,
116,
106,
103,
106,
115,
104,
111,
96,
91,
97,
118,
100,
100,
95,
93,
89,
110,
98,
103,
98,
101,
105,
102,
80,
113,
109,
79,
97,
85,
109,
108,
113,
81,
114,
99,
89,
85,
78,
100,
106,
89,
101,
103,
95,
105,
93,
103,
92,
104,
81,
103,
96,
88,
96,
107,
95,
87,
105,
90,
108,
94,
101,
119,
105,
99,
124,
109,
101,
88,
110,
101,
101,
94,
92,
89,
110,
100,
90,
96,
97,
86,
118,
96,
98,
89,
93,
105,
102,
112,
102,
89,
75,
102,
109,
88,
97,
107,
115,
96,
91,
109,
107,
98,
119,
110,
90,
94,
104,
103,
97,
109,
84,
100,
104,
100,
96,
107,
99,
107,
86,
84,
106,
110,
92,
80,
98,
102,
96,
93,
94,
86,
110,
90,
95,
98,
107,
99,
109,
97,
84,
113,
106,
99,
84,
84,
97,
94,
100,
113,
100,
89,
101,
109,
100,
102,
112,
103,
85,
112,
111,
96,
110,
100,
94,
101,
92,
94,
99,
88,
113,
116,
92,
106,
112,
100,
104,
92,
94,
93,
94,
107,
103,
108,
107,
89,
97,
99,
92,
99,
98,
94,
99,
109,
92,
97,
90,
109,
76,
95,
113,
101,
110,
110,
93,
99,
112,
112,
99,
105,
84,
102,
102,
84,
107,
89,
89,
97,
79,
112,
94,
104,
100,
110,
107,
105,
104,
108,
86,
94,
116,
92,
98,
109,
101,
106,
103,
88,
105,
99,
92,
92,
93,
104,
93,
84,
86,
91,
96,
85,
103,
90,
95,
105,
97,
96,
102,
99,
89,
94,
85,
106,
105,
100,
87,
98,
117,
97,
100,
96,
110,
95,
109,
99,
90,
86,
94,
98,
97,
102,
104,
87,
88,
84,
95,
124,
102,
84,
96,
95,
98,
120,
100,
89,
109,
96,
102,
103,
104,
97,
118,
113,
101,
115,
91,
98,
105,
110,
100,
87,
94,
104,
104,
103,
97,
96,
82,
103,
104,
116,
107,
97,
76,
96,
91,
107,
119,
102,
95,
104,
109,
87,
101,
95,
99,
112,
118,
95,
97,
89,
106,
93,
87,
108,
89,
111,
120,
94,
91,
94,
112,
100,
82,
89,
94,
99,
94,
97,
93,
99,
97,
95,
87,
85,
88,
107,
95,
85,
109,
112,
93,
96,
81,
107,
107,
108,
92,
86,
91,
103,
102,
91,
120,
125,
81,
100,
108,
96,
98,
74,
87,
102,
91,
99,
102,
91,
88,
100,
90,
90,
106,
105,
80,
89,
106,
107,
97,
113,
95,
107,
102,
94,
104,
96,
117,
94,
102,
92,
107,
99,
113,
102,
92,
94,
104,
100,
92,
107,
98,
91,
109,
97,
106,
85,
87,
84,
112,
117,
85,
96,
102,
98,
102,
99,
100,
111,
92,
103,
114,
99,
97,
102,
106,
113,
103,
104,
102,
87,
96,
110,
107,
90,
92,
90,
99,
98,
85,
84,
95,
104,
108,
99,
101,
95,
102,
89,
111,
111,
95,
85,
92,
94,
108,
118,
113,
86,
109,
114,
110,
89,
100,
89,
101,
100,
104,
88,
94,
112,
115,
90,
94,
89,
112,
100,
98,
99,
113,
108,
123,
84,
98,
119,
85,
92,
106,
85,
97,
88,
85,
94,
96,
99,
109,
104,
101,
102,
116,
104,
98,
113,
101,
104,
98,
96,
100,
95,
105,
103,
98,
102,
78,
95,
93,
94,
93,
98,
86,
109,
116,
91,
108,
104,
89,
100,
109,
100,
98,
112,
91,
83,
91,
105,
85,
93,
112,
98,
86,
104,
101,
109,
96,
85,
93,
108,
92,
96,
97,
103,
98,
110,
90,
123,
97,
96,
111,
102,
99,
95,
91,
94,
115,
88,
85,
80,
90,
116,
100,
99,
108,
97,
105,
90,
107,
95,
115,
102,
105,
97,
