300000,
0,
10534,
87,
10087,
98,
9763,
100,
10147,
92,
9849,
118,
9450,
87,
9796,
95,
13223,
102,
11114,
104,
10716,
111,
11106,
117,
11205,
109,
9792,
110,
9904,
89,
10689,
96,
9965,
105,
10206,
103,
9371,
94,
10512,
86,
8025,
123,
9836,
98,
11084,
100,
11478,
106,
11358,
92,
8874,
94,
10168,
98,
8779,
89,
10993,
107,
8795,
93,
9217,
90,
9990,
118,
9379,
107,
9598,
103,
8835,
94,
10601,
96,
7991,
104,
8593,
88,
11384,
99,
9411,
97,
10653,
79,
10448,
95,
11179,
94,
9458,
93,
10018,
108,
10264,
94,
10497,
109,
9170,
81,
8850,
91,
11394,
103,
9274,
99,
10769,
111,
8459,
83,
9589,
112,
11573,
91,
9703,
103,
8063,
106,
9829,
114,
8904,
114,
9300,
103,
9928,
109,
9029,
95,
7001,
106,
8076,
89,
10161,
92,
8557,
96,
8901,
105,
11029,
101,
10953,
102,
10361,
99,
9733,
83,
10229,
117,
9907,
84,
11148,
92,
9846,
97,
11132,
112,
9151,
92,
9978,
110,
10348,
105,
10647,
112,
9983,
84,
8735,
106,
10379,
90,
11661,
96,
8285,
98,
10565,
86,
10286,
104,
9814,
102,
10794,
101,
11346,
85,
10541,
115,
10494,
102,
9911,
94,
10276,
114,
9885,
111,
10735,
98,
7678,
98,
10866,
114,
9865,
105,
10758,
105,
11258,
104,
9807,
91,
10987,
98,
8778,
117,
11495,
108,
11813,
110,
9410,
80,
10948,
94,
11498,
108,
11066,
114,
10648,
103,
9223,
111,
11659,
96,
9682,
116,
10548,
101,
11160,
101,
9386,
95,
10458,
104,
10714,
113,
9008,
105,
9353,
80,
9190,
101,
10942,
98,
9724,
106,
10145,
102,
10162,
93,
8540,
104,
10669,
103,
9405,
113,
10416,
75,
11125,
113,
10529,
96,
11021,
91,
10718,
85,
10556,
116,
7989,
98,
10271,
95,
9866,
113,
9090,
111,
10560,
103,
10117,
99,
10453,
106,
11247,
107,
10324,
88,
10604,
116,
7346,
106,
10575,
103,
8531,
106,
10031,
115,
10747,
104,
9259,
111,
9564,
96,
10039,
91,
12872,
97,
9617,
118,
11140,
100,
9083,
100,
9834,
95,
9579,
93,
9027,
89,
8806,
110,
10534,
98,
9751,
103,
9861,
98,
11206,
101,
9902,
105,
11185,
102,
9640,
80,
9843,
113,
11836,
109,
9895,
79,
8690,
97,
8668,
85,
9899,
109,
8021,
108,
12787,
113,
10169,
81,
9099,
114,
8628,
99,
10961,
89,
7800,
85,
11052,
78,
10791,
100,
8390,
106,
10793,
89,
10048,
101,
9424,
103,
10776,
95,
8665,
105,
11113,
93,
11232,
103,
8478,
92,
10497,
104,
11204,
81,
11603,
103,
11369,
96,
10200,
88,
6506,
96,
11703,
107,
11138,
95,
9643,
87,
8871,
105,
9793,
90,
9317,
108,
10024,
94,
8067,
101,
10119,
119,
10753,
105,
10255,
99,
9352,
124,
9413,
109,
9232,
101,
8493,
88,
8004,
110,
7263,
101,
9508,
101,
8813,
94,
8766,
92,
10400,
89,
10823,
110,
6823,
100,
10211,
90,
11472,
96,
11051,
97,
11011,
86,
9513,
118,
9480,
96,
11534,
98,
10117,
89,
9740,
93,
11529,
105,
10334,
102,
9487,
112,
9730,
102,
10250,
89,
10051,
75,
9672,
102,
9760,
109,
9685,
88,
10191,
97,
9883,
107,
9078,
115,
12442,
96,
10334,
91,
9313,
109,
9241,
107,
10443,
98,
10603,
119,
8975,
110,
9642,
90,
10345,
94,
9251,
104,
7975,
103,
9581,
97,
9908,
109,
9458,
84,
12329,
100,
7873,
104,
8359,
100,
9538,
96,
10220,
107,
10127,
99,
8730,
107,
9214,
86,
9830,
84,
8888,
106,
11117,
110,
9620,
92,
10208,
80,
8866,
98,
9600,
102,
10003,
96,
8787,
93,
9403,
94,
10133,
86,
11143,
110,
10616,
90,
10937,
95,
11096,
98,
10987,
107,
10414,
99,
9497,
109,
9236,
97,
10715,
84,
9802,
113,
9972,
106,
8387,
99,
11214,
84,
9232,
84,
10040,
97,
11180,
94,
10486,
100,
9887,
113,
9683,
100,
9959,
89,
9459,
101,
9166,
109,
10843,
100,
9273,
102,
10893,
112,
12037,
103,
10573,
85,
9199,
112,
9203,
111,
11265,
96,
9471,
110,
10126,
100,
10043,
94,
10007,
101,
9938,
92,
9859,
94,
12009,
99,
9569,
88,
8890,
113,
11262,
116,
10678,
92,
9068,
106,
11090,
112,
8057,
100,
9705,
104,
9164,
92,
11379,
94,
10851,
93,
11455,
94,
12223,
107,
8597,
103,
9879,
108,
10804,
107,
9546,
89,
10276,
97,
9201,
99,
9265,
92,
8789,
99,
10004,
98,
9798,
94,
10542,
99,
7562,
109,
8832,
92,
10977,
97,
9110,
90,
9582,
109,
9619,
76,
9700,
95,
10107,
113,
9822,
101,
10456,
110,
10538,
110,
11105,
93,
10478,
99,
10300,
112,
9580,
112,
11535,
99,
9401,
105,
10246,
84,
8998,
102,
11094,
102,
10860,
84,
8809,
107,
10201,
89,
9111,
89,
10770,
97,
9376,
79,
8987,
112,
9583,
94,
10619,
104,
10043,
100,
9685,
110,
9493,
107,
9947,
105,
12565,
104,
9753,
108,
9034,
86,
10756,
94,
9389,
116,
9852,
92,
9884,
98,
10703,
109,
9127,
101,
10080,
106,
10022,
103,
11476,
88,
10441,
105,
10761,
99,
9579,
92,
10544,
92,
10154,
93,
9728,
104,
9902,
93,
12532,
84,
10085,
86,
8821,
91,
9126,
96,
10615,
85,
12281,
103,
9150,
90,
10175,
95,
10292,
105,
9474,
97,
10229,
96,
8930,
102,
10476,
99,
7724,
89,
12582,
94,
10980,
85,
10106,
106,
8244,
105,
9549,
100,
9634,
87,
10858,
98,
9699,
117,
12013,
97,
11298,
100,
10693,
96,
10129,
110,
9119,
95,
9627,
109,
10205,
99,
12655,
90,
8551,
86,
8619,
94,
9769,
98,
10613,
97,
10388,
102,
10432,
104,
8993,
87,
11321,
88,
11330,
84,
9875,
95,
10103,
124,
9598,
102,
8986,
84,
10332,
96,
8928,
95,
9737,
98,
10890,
120,
9872,
100,
10182,
89,
10625,
109,
10223,
96,
10357,
102,
10309,
103,
10800,
104,
11145,
97,
8500,
118,
10286,
113,
9137,
101,
9761,
115,
10460,
91,
9206,
98,
10710,
105,
10768,
110,
11282,
100,
10474,
87,
11756,
94,
9887,
104,
9673,
104,
11177,
103,
9106,
97,
10192,
96,
11345,
82,
11387,
103,
10553,
104,
7999,
116,
10936,
107,
11407,
97,
11025,
76,
9138,
96,
9065,
91,
8729,
107,
10579,
119,
9781,
102,
9674,
95,
11981,
104,
9334,
109,
9242,
87,
10118,
101,
10260,
95,
10667,
99,
9211,
112,
11947,
118,
11157,
95,
12525,
97,
10232,
89,
9582,
106,
10437,
93,
9027,
87,
10713,
108,
9259,
89,
10741,
111,
9516,
120,
9368,
94,
8987,
91,
9482,
94,
9981,
112,
11218,
100,
10757,
82,
10286,
89,
12086,
94,
10380,
99,
9357,
94,
9721,
97,
7901,
93,
9414,
99,
9728,
97,
10811,
95,
12198,
87,
8772,
85,
8395,
88,
9784,
107,
10713,
95,
9789,
85,
8002,
109,
10525,
112,
8460,
93,
8634,
96,
9542,
81,
10229,
107,
9575,
107,
9817,
108,
9403,
92,
9873,
86,
10696,
91,
10065,
103,
10113,
102,
9219,
91,
10452,
120,
9136,
125,
9032,
81,
11386,
100,
10131,
108,
9242,
96,
11358,
98,
9204,
74,
9669,
87,
9070,
102,
8936,
91,
10094,
99,
7935,
102,
9899,
91,
9621,
88,
11288,
100,
9677,
90,
10807,
90,
9521,
106,
10987,
105,
9955,
80,
10551,
89,
9553,
106,
8569,
107,
9794,
97,
10204,
113,
9062,
95,
10119,
107,
9413,
102,
12192,
94,
8821,
104,
9714,
96,
12099,
117,
10948,
94,
10283,
102,
8687,
92,
9356,
107,
10649,
99,
11727,
113,
10768,
102,
11434,
92,
11584,
94,
10384,
104,
11046,
100,
11840,
92,
9045,
107,
9169,
98,
10962,
91,
9577,
109,
10385,
97,
7901,
106,
11290,
85,
11659,
87,
9747,
84,
9140,
112,
10515,
117,
9948,
85,
8706,
96,
9660,
102,
7665,
98,
10684,
102,
11095,
99,
11025,
100,
10697,
111,
9732,
92,
10766,
103,
9319,
114,
9698,
99,
10249,
97,
10164,
102,
10228,
106,
7905,
113,
9890,
103,
8658,
104,
7817,
102,
9286,
87,
8071,
96,
8018,
110,
9290,
107,
10603,
90,
10002,
92,
9344,
90,
10731,
99,
10971,
98,
9548,
85,
8545,
84,
11466,
95,
12418,
104,
9778,
108,
10473,
99,
8531,
101,
10472,
95,
9770,
102,
10223,
89,
9924,
111,
8579,
111,
10645,
95,
9730,
85,
9531,
92,
9957,
94,
10414,
108,
9351,
118,
9999,
113,
10256,
86,
8438,
109,
8564,
114,
10595,
110,
8590,
89,
9862,
100,
10584,
89,
10111,
101,
10854,
100,
10451,
104,
10113,
88,
10500,
94,
11182,
112,
9717,
115,
10090,
90,
8926,
94,
8524,
89,
11589,
112,
9021,
100,
9550,
98,
9086,
99,
9418,
113,
10487,
108,
8610,
123,
9233,
84,
10610,
98,
10284,
119,
9479,
85,
9846,
92,
9824,
106,
11251,
85,
9799,
97,
9377,
88,
8782,
85,
9082,
94,
10419,
96,
10971,
99,
8875,
109,
10128,
104,
9913,
101,
9163,
102,
9465,
116,
12685,
104,
10333,
98,
9336,
113,
8998,
101,
10566,
104,
9686,
98,
10640,
96,
8100,
100,
9484,
95,
8831,
105,
10468,
103,
10468,
98,
9461,
102,
8860,
78,
10104,
95,
11495,
93,
10371,
94,
10662,
93,
10788,
98,
9978,
86,
8161,
109,
9024,
116,
11247,
91,
11019,
108,
11396,
104,
10542,
89,
10124,
100,
8555,
109,
9794,
100,
8176,
98,
11229,
112,
8433,
91,
9554,
83,
8388,
91,
11253,
105,
11017,
85,
10917,
93,
10282,
112,
10821,
98,
11320,
86,
7943,
104,
10277,
101,
9332,
109,
11067,
96,
10567,
85,
8251,
93,
10482,
108,
8417,
92,
10944,
96,
10037,
97,
10831,
103,
9204,
98,
8874,
110,
10082,
90,
10428,
123,
9152,
97,
10272,
96,
9899,
111,
9812,
102,
7860,
99,
9112,
95,
10770,
91,
11072,
94,
9096,
115,
8178,
88,
10764,
85,
11374,
80,
11152,
90,
10390,
116,
11737,
100,
11230,
99,
10503,
108,
10057,
97,
8788,
105,
8631,
90,
